0 21
1 21
2 36
3 36
4 26
5 41
6 14
7 34
8 34
9 34
10 14
11 14
12 34
13 21
14 31
15 14
16 14
17 21
18 16
19 14
20 14
21 14
22 14
23 21
24 21
25 41
26 41
27 21
28 21
29 21
30 21
31 21
32 21
33 41
34 21
35 21
36 21
37 41
38 41
39 41
40 41
41 38
42 14
43 34
44 14
45 14
46 14
47 41
48 41
49 14
50 14
51 21
52 14
53 38
54 36
55 36
56 36
57 36
58 14
59 36
60 38
61 38
62 14
63 36
64 21
65 21
66 14
67 14
68 14
69 14
70 14
71 14
72 30
73 14
74 21
75 21
76 41
77 14
78 14
79 21
80 14
81 14
82 14
83 14
84 14
85 38
86 41
87 14
88 34
89 14
90 14
91 14
92 14
93 21
94 38
95 38
96 21
97 34
98 14
99 14
100 14
101 14
102 36
103 38
104 38
105 14
106 14
107 14
108 14
109 34
110 34
111 34
112 14
113 41
114 21
115 21
116 21
117 14
118 14
119 21
120 21
121 14
122 31
123 21
124 14
125 14
126 36
127 14
128 21
129 21
130 38
131 14
132 14
133 21
134 34
135 41
136 21
137 36
138 36
139 14
140 14
141 14
142 14
143 21
144 14
145 14
146 21
147 14
148 38
149 31
150 38
151 41
152 14
153 14
154 14
155 14
156 15
157 31
158 14
159 14
160 21
161 14
162 14
163 14
164 14
165 21
166 21
167 38
168 21
169 21
170 21
171 41
172 21
173 14
174 14
175 34
176 38
177 23
178 31
179 31
180 31
181 38
182 38
183 14
184 14
185 34
186 14
187 14
188 14
189 14
190 14
191 23
192 36
193 36
194 36
195 36
196 38
197 21
198 21
199 21
200 38
201 38
202 21
203 38
204 38
205 21
206 31
207 38
208 36
209 14
210 14
211 14
212 14
213 34
214 31
215 21
216 14
217 14
218 21
219 38
220 21
221 21
222 14
223 21
224 14
225 21
226 21
227 14
228 21
229 21
230 14
231 16
232 38
233 14
234 14
235 14
236 14
237 14
238 34
239 36
240 14
241 14
242 34
243 14
244 14
245 41
246 34
247 34
248 14
249 14
250 38
251 41
252 14
253 14
254 14
255 17
256 14
257 38
258 14
259 14
260 14
261 21
262 31
263 21
264 34
265 34
266 34
267 34
268 14
269 14
270 21
271 14
272 14
273 14
274 14
275 23
276 28
277 31
278 38
279 14
280 21
281 36
282 14
283 21
284 38
285 36
286 36
287 14
288 14
289 28
290 21
291 21
292 21
293 34
294 21
295 21
296 21
297 21
298 34
299 34
300 14
301 21
302 14
303 14
304 14
305 36
306 14
307 38
308 21
309 21
310 21
311 14
312 21
313 14
314 21
315 34
316 21
317 21
318 41
319 34
320 38
321 23
322 34
323 14
324 34
325 34
326 14
327 34
328 14
329 14
330 14
331 14
332 34
333 21
334 34
335 34
336 21
337 21
338 21
339 41
340 14
341 14
342 16
343 31
344 31
345 31
346 38
347 38
348 31
349 31
350 16
351 38
352 16
353 34
354 34
355 36
356 14
357 14
358 34
359 34
360 14
361 41
362 14
363 14
364 14
365 14
366 14
367 21
368 38
369 34
370 15
371 14
372 14
373 14
374 34
375 14
376 38
377 38
378 38
379 38
380 38
381 23
382 21
383 38
384 38
385 38
386 21
387 38
388 38
389 21
390 38
391 38
392 38
393 21
394 38
395 21
396 38
397 38
398 21
399 36
400 14
401 17
402 21
403 21
404 14
405 14
406 34
407 34
408 36
409 21
410 14
411 14
412 36
413 38
414 8
415 6
416 0
417 41
418 14
419 21
420 14
421 14
422 14
423 41
424 14
425 28
426 21
427 21
428 34
429 14
430 36
431 36
432 34
433 14
434 21
435 34
436 34
437 41
438 21
439 34
440 21
441 14
442 41
443 39
444 41
445 14
446 34
447 34
448 14
449 1
450 21
451 34
452 34
453 36
454 34
455 41
456 30
457 36
458 21
459 14
460 14
461 34
462 0
463 20
464 21
465 14
466 34
467 14
468 21
469 14
470 21
471 36
472 28
473 14
474 14
475 30
476 34
477 34
478 14
479 10
480 14
481 36
482 21
483 31
484 21
485 41
486 21
487 34
488 34
489 14
490 14
491 14
492 14
493 21
494 21
495 14
496 34
497 14
498 14
499 34
500 34
501 34
502 34
503 34
504 34
505 34
506 34
507 34
508 14
509 34
510 34
511 38
512 34
513 14
514 34
515 38
516 0
517 34
518 14
519 14
520 36
521 0
522 0
523 14
524 37
525 34
526 21
527 41
528 21
529 34
530 34
531 14
532 36
533 21
534 34
535 34
536 14
537 21
538 34
539 14
540 34
541 14
542 36
543 36
544 14
545 21
546 14
547 41
548 21
549 14
550 14
551 14
552 36
553 34
554 34
555 34
556 21
557 21
558 34
559 34
560 14
561 20
562 21
563 14
564 14
565 34
566 34
567 0
568 36
569 34
570 34
571 36
572 21
573 34
574 26
575 35
576 21
577 0
578 20
579 14
580 7
581 21
582 14
583 20
584 34
585 14
586 36
587 36
588 21
589 14
590 41
591 14
592 34
593 38
594 34
595 27
596 34
597 14
598 34
599 34
600 28
601 21
602 34
603 1
604 34
605 4
606 27
607 36
608 34
609 34
610 36
611 14
612 14
613 34
614 0
615 14
616 34
617 34
618 34
619 34
620 0
621 38
622 27
623 14
624 21
625 36
626 27
627 14
628 21
629 38
630 30
631 30
632 34
633 7
634 12
635 36
636 12
637 0
638 14
639 34
640 34
641 34
642 14
643 14
644 21
645 40
646 0
647 14
648 7
649 34
650 27
651 14
652 34
653 7
654 14
655 21
656 31
657 27
658 7
659 18
660 7
661 34
662 14
663 14
664 28
665 36
666 34
667 14
668 18
669 34
670 7
671 14
672 34
673 27
674 34
675 7
676 0
677 0
678 14
679 14
680 18
681 16
682 31
683 34
684 7
685 36
686 21
687 34
688 12
689 0
690 14
691 7
692 31
693 34
694 28
695 14
696 21
697 19
698 36
699 34
700 34
701 20
702 30
703 7
704 27
705 28
706 14
707 34
708 34
709 0
710 34
711 7
712 5
713 0
714 36
715 34
716 25
717 0
718 34
719 21
720 34
721 34
722 34
723 34
724 0
725 41
726 21
727 34
728 34
729 34
730 21
731 7
732 7
733 34
734 41
735 34
736 34
737 12
738 36
739 34
740 34
741 21
742 0
743 30
744 7
745 34
746 7
747 14
748 14
749 14
750 27
751 21
752 34
753 21
754 34
755 12
756 14
757 0
758 14
759 30
760 0
761 27
762 20
763 25
764 14
765 34
766 0
767 34
768 34
769 0
770 27
771 14
772 7
773 27
774 12
775 27
776 38
777 34
778 34
779 0
780 27
781 34
782 34
783 34
784 27
785 34
786 14
787 27
788 37
789 38
790 27
791 28
792 27
793 34
794 30
795 25
796 0
797 9
798 7
799 34
800 34
801 0
802 34
803 36
804 34
805 0
806 34
807 34
808 7
809 36
810 21
811 34
812 36
813 21
814 38
815 14
816 21
817 34
818 14
819 34
820 21
821 0
822 21
823 34
824 29
825 30
826 36
827 27
828 14
829 34
830 20
831 27
832 36
833 34
834 27
835 28
836 0
837 27
838 30
839 31
840 21
841 38
842 30
843 30
844 34
845 36
846 3
847 41
848 0
849 34
850 0
851 11
852 13
853 27
854 34
855 34
856 14
857 38
858 27
859 36
860 21
861 24
862 20
863 12
864 27
865 34
866 0
867 34
868 0
869 38
870 26
871 33
872 21
873 17
874 26
875 27
876 12
877 34
878 34
879 27
880 36
881 27
882 0
883 21
884 12
885 0
886 34
887 0
888 12
889 34
890 27
891 30
892 14
893 30
894 27
895 34
896 14
897 25
898 30
899 12
900 21
901 12
902 25
903 16
904 22
905 21
906 23
907 35
908 21
909 14
910 12
911 0
912 34
913 34
914 21
915 25
916 1
917 21
918 38
919 41
920 30
921 36
922 14
923 0
924 34
925 41
926 34
927 34
928 12
929 34
930 34
931 34
932 14
933 34
934 34
935 34
936 38
937 34
938 27
939 38
940 0
941 27
942 30
943 27
944 27
945 0
946 20
947 38
948 32
949 36
950 14
951 34
952 34
953 14
954 34
955 21
956 34
957 34
958 30
959 18
960 18
961 18
962 30
963 14
964 34
965 18
966 30
967 0
968 30
969 30
970 14
971 14
972 30
973 27
974 14
975 27
976 41
977 30
978 34
979 34
980 14
981 41
982 12
983 34
984 0
985 18
986 0
987 14
988 30
989 30
990 36
991 0
992 27
993 12
994 27
995 2
996 27
997 0
998 12
999 12
1000 38
1001 36
1002 27
1003 27
1004 12
