3 21
9 14
16 34
21 9
26 11
29 11
31 11
32 13
38 11
41 4
48 10
50 36
53 4
83 34
87 5
88 20
91 8
95 5
97 16
104 7
116 13
118 1
126 21
127 15
128 1
129 4
135 13
149 0
163 9
168 4
170 13
172 4
179 7
184 15
186 1
187 15
188 15
189 15
192 21
194 21
206 4
208 21
212 4
216 17
218 1
230 6
268 1
270 4
282 36
284 4
287 15
288 37
293 14
297 1
301 1
306 9
311 9
318 10
323 16
329 8
334 17
339 13
340 36
346 0
355 13
358 14
359 14
373 15
377 7
380 7
384 7
385 7
393 7
396 7
397 7
398 7
399 4
407 14
412 21
414 1
418 15
422 37
426 4
427 11
433 37
436 13
439 13
441 14
442 10
445 3
451 14
455 10
459 1
465 15
468 1
479 1
483 5
488 14
489 15
490 8
492 37
493 4
496 14
499 14
502 14
504 14
507 15
509 15
517 21
520 21
521 2
528 25
532 21
536 15
537 1
539 1
544 4
546 4
553 2
554 2
555 14
559 8
560 1
569 14
578 8
579 17
580 1
592 17
599 19
605 1
611 4
615 36
628 7
640 16
641 23
646 22
650 1
651 37
659 7
661 14
673 1
680 0
690 15
691 1
695 15
698 22
700 14
712 4
713 15
724 13
725 10
730 4
732 1
734 1
736 3
740 15
741 7
742 23
750 20
763 7
771 23
788 28
792 36
793 6
797 0
805 14
819 17
820 5
826 21
827 14
830 14
835 4
841 7
859 21
861 0
875 13
878 11
879 19
884 21
890 36
892 3
907 0
909 34
910 4
912 14
913 14
926 19
929 17
940 4
948 0
949 22
950 36
953 11
955 4
961 7
962 15
963 19
964 13
982 21
983 13
985 7
989 8
991 21
995 4
998 4
